33 54
552
92 46525 4 553334
5654 82545
6548554 4838 544337 54
5643 2355442 4673 56
465 4 25543 5456
477554 65
3544744 545
20455 344545 55
7645864 6454 3454555 8835
536 4567 3565635 3
5528 4245 4544 45549
6 5 42255 53
5437754 572
5555577 446 6698
375 54 4
835 52
44455 456 4364 56 6
7 55 4522635 327725 5
55465 654
55542 7644
67 35 5 6455 446
35555
6 25
5544 8565 4437255 54 226
2514554 64
582545 47418 6
455 3643 45 6 444
4456 7443 7534545
6204
546244 604 6733 845546
545 717
536 4 5315225 333
7442 345043
654633 6444 6355456 5
03545 55651 704541
4345434 557
3354 36 63576 4654 6 6354
6 4484 152 5
6648323 5
21 54424 51 344 458
6 4653 3 4855593 544
46 4544885 542327 3551
2546 15756
4 22 64543 4
6565 56436 3244
3654 4 52
65 480 7 6448358 6
42 6413569 564448 82552
4 8355 555745 7344 85 35425 5
450652
352464
4 924545 3344
56435 39
7 44 462756 45064
64354 623 4456 534
55556 753 5553 4
5574555 5445454
53 35 57 5 45656 7745
455
476655 445 535 4
6 6554 4
37255 4
3515 44
5436
4 54473 45
36 44
444444 55654 45 364455
456657
4 524
552 2755465 5
45511 3 5437 544 534
54442 4544564 4546454 6544 554
47 445 355 47 4545
543545 5 33455 446 4
55 4 56 155 167644
45 555 54 4504445
5445355 4055440 335 65
53455 12452 4276
451744 547
44455 544563 745743
634454 9553455 34
44636 6447954 54450 4
45454 45 5 5655
544 55624 74355 4
44 46548 5545 4544
6543 4544517 56577
5 55444
455654 5554455 4455 5
3445 4346454 4135 55655
4532 55
4333652 54 55476 4 3234
335 64 55
545963 4556
5351 4545642 5
47 455 347
44555 45455 435
464 4454645 5
43 455595 545544 55974 4455
5454 745
454424 5
4254435 4544245 5455455 5456
44556 455464 054456 554545 5455
674454 553554
5 533 545
3255 556 6544
45343
35 454554 5
556564 6 445
55544 645544 55544
2645 45 35454
44 55455
544355 5556445 4554 5445
464555 45554
4344 54 2
436
4452 30 454 5
4547575 544
4553 7546557 546
543 565 4535541 6 4555
54 5554
3 47435 583
6535564 1434 56
2 354456
2644 43
654444 533
5 0486634 4 2304366 73
3466527 7627
4550 255 3264435 5734 65
4454344 03725
64 513
7639
6596 6538563 6 33 365 447
37 45
595644 45325
35544 6 22434
534635 246 6 3464558 5
5
4333654 44
3043455 6554533 6553
24 4645 2444549 5 63
2554 33544
354
54446 3
555654 44 4445 4
443 54
5 5 5 44576
655
4245535 63645 45 3445
63554 4444
5 5
5405563 24 453 5
6655436 345
555
944563 55
564 65455 455345
7044544 55 344 53
5544555 4 4414 2545 1
2324754 555526 5364454
5 35 34445 4
3 555
4444 4
45645 5 34244 5564 36
155445 52
4054555 35543 455
315 45293
54764 7454345 342
5532455 6
757
5524333 4
3 54 254443 3
52544 5556545 4
4536 434044 3546
75444 4 545
8545647 5145695 3581
442546 4555665
55745 5434
2 3353406 43
55555 39 683 3 1716
2563535 44643 3
44554 5 444834 54046
2534657 554560 3
3445 456 45
526563 5054464 83
58 535
4378 54 24 4555
48645 5471 0365 66
55 55558 53
6455 565 5242545 3662 45
47567 350546 5
32845 7656 44 63
25 52435
644
547173 45454 4455
4355 5
4534 34733 56444 3 3
57 45445 445 556
46732 354
455575 543364 5
4 6555325 45567 355355
44547 5 94945
65074 4336 555
65 556584 677335 165
01355 5
1545544 5534
554024 5552 8444
3 6345 5445 6445455 647303
84554 54984 64 4204 5
255 4693539 5 2
3617 75
4115445 7433572 47654
5452585 5536
6 55454 5 04447 44
53523 54
35 4737 534546 4556
4321455 554
520364 454 367 41
43 33 5543
1445 335 545542 255
255555 55445 4433
43 545 54
58372 2564144 4544
6736034 5640 4634
4577 3 4 599
71 5341 7 435 4
2924 378444 541 5 45
8555505 44356 64334 6
544534 29 55443
424 727414 054 4
5 456044 44
745272 6 5
5 5 56746 45231 666
34 421454 66847 204
497674 4363736 16
23 541375 125 45579
438 95 445 3554
4 625 534 2
454
55 25 2455477 4654 05344
6254553 67455 539
846544 60 44 2 2
4654344 4467 647143
3325544 3645 435035
4856 4 34555 54 4
4554 5624
6897434 524
553 35356 73 03454
15464 745265 3
4555 4 503545 645 5437
44356 444
25 5
755567 2554 5 555585
9444761 5 45744 4553
44 446354 4603 4 5
944 65
2 3565444 54
445
4555 645 25 446 855
455 34 5
64 34 647 0445
54 563555 54
45 53545 134
2548533 57445 5444553 3
54544
445447 44553 535 54
4455 4804544 445
45255
35454 5320 51
4543544 5 4525547
4264 4
1 8 6 4545 3355446 05546 46
6455 315
4 134544 144454
324744 545
43545 3
5556 77 8 2
246 3455 55212 4 64 46
26435 42345
3 34445 25
35646 256 6244 55
3 75 255 6836
6543 525555 460
444 5556 545635
335 64 553 69445
44 4653 52 5566454 49
3 4624 4460355
545
3625 5463 54 54544
6324 3555 576436 54 6
644
453 034543 6163
55 6 666
7 54 4558724 8486 6
454 647554 4455 8347
3635
442
3
535 45595 353 392
5540525 5 56433
4747 544436 4636661 66
23550 45 45 4634
4 45 4 945 556
4546 5444 14556 644
4644 55255 57
7 44947 57534
63 444
3274 44
6574751 436 49
5330276 395455 73235
343454 5 5855554 5625 4
444635 4 551744 6
153243 25
44 5454766 1525452 336
6475 35565 325 45
54 5632 4 5
74 3
3755 66 565474 55
568455 545
553 456355
5444 6440 4553 2135406 4
66545 65644 547443 65446
7555
5544 26
35 73 2445 46445
4 3633664 55444 543
4445 5343641 34 4
4755543 3 54755 8 036 455 06
753
5 54945
3355 554684 54576 5
555 776 454
45446 574445 42 445
5453 2 5 5
2 6544464 555
5746445 5 3
13 5 5 45536 5574 554
6 3 56546 376
25434 55554
4494
355536 45553 555432
546542 442 1315 4
546 427454 5
5 4444505 35
5 238
55465 4374645 54754
264 4756 64645
54544 65 4 5455544
54456 3
454544 364
35 74445 4
4 544352
3 54 2
3 473334 55 4 34553
5453455 355565 4664556 364
541 4636455 54126
24 575356 74414
45245 5429
35465 555463 544
554615 655655 553 535 443
545
55
4 6545 456
4 28555
9555 445 25354 389
66 2314 45 65
529 544535 5 532154 56
454 4 46
35645
5655555 4485434 25545
6344 425
3335
45464 5023514 454543
44 4554 2
454434
44559 555 4555
553 5
5452 539455
44565 4424 4555 5 5
453555 7315454 55774 644
554 451554 54574
66 636 4347
555
45 4545 5357 45447 14
4547 4 3356 83
45555 45455 44554 33
654544 36 2544244 5
554544 5434 554 5446
557544 5446455 45944 54455
5 5544354 4554454 4 5
5
10 73 55 5
64 54924 6 5254
45523 244 36
566 5
75 45633 64 4353354
2 467
5542674 5 5446
6 4463 35 4
455344 54555 5453 1465
5 4 55 58835 48
4 4 555364 5
5543 6
35442 4355284
4455
56542 2555355 55 344544
54476 4453224 44 555
984736
93655 431 835526 565
4547 6844455
0762 4675 5
356 6455
54 5 655542
35 46673 556
55 57 35
52 55 8356355
44372 5
25 5 225145 54646
458254 547
12354 65 553367 4644553 64
54 5 3445674 4375 345
46204
43 4354624 46
338 5 445 45 7174
6563 5 4 7
65 463364 44 635
55565 1704 5 419983 306
7655 647 5435 4
43663 5
5
172433 77 6
694 664832 355 2 84345
4245 1 34
6646533 485 55935 4
4 5
42
4597 2546
42264 5 434 4 44 5
1472
3 65 44526
54557 765480
4 42641 356956 44488 25
5 5 574 573 448535 4
65 25864 5
67 5465 845
435395 5364
5757444 62756 4 5
5566 43 5
6544555 5567 53555 34
45 5745
5134 635654 455753
6567745 49456
456553 53 564
8464352 26446 655
8546 423515 444635
5445565 74
44533 636
88 54444 4
455 545665 73643
2755465 5 36 437435
50545 5113 54
456 4 454 6454
5254 5444563 4555
74545 4643 44
41453 4 44 927
5
46
5765125 4 5
6864935 4 5445 355405
5755 4
45 5
4517445 47 375
44
46 26 3 44 5
5345534
4463664 479 54 5445 04
4 5454455 565
4735
6
5 4422444 543653
5 4545445 474
5434 544
6577455
5544445 5
64344
555445 544 5 5544
43464 5441 355565 55554
325
4545 43
554
545 1
55444 4 795454 5963
235555 5633535 145456 42
664547 45
7 4454455 545455
7754644 4546455 54452 44 5555
544 55974 445573
45456 4463
24554
45442 4554 5545 5 545
354 4556 455
5 4 553245 5 547
5674454
56
33545 5
255556 6 5445 4455
54 46465 45354
55243 645635 556
446255 55555
14 5555264 54
4
5455555 4443444 5
55644 54 55454
4 5
44 3 4 4542 45545
55 6445 2304 545
7 5
55 7 54 6432425 5 5355
545355 4 164
554545 1 525 543434 4
4 42354
6462474 4 4 4 62
44 4 5334442 5545
86634 4230 4
466527 762 727
645502
55
5165 4445
2 515
4513 3655664 4
3454 35 6
6 4554
76 65
554766 4532744 42
644 353556 76 4534 63
4 6455
5354 5
365
30434 5565545 3 36553
5438
452444 549 5
544 352455 6553543
4 446355 445
56544 444 4544645 54
44 56
2454 45655 456
4 545 4556556 65
45
545 344
355 44
5 56 5335525 6546
2665 54 3
5555555 1454555 3
46 5 4 554553 45
454455 5570445 44
356 4
5634 54 36
4414
4754555 526 536445 454 44
4 5353 444 543 3
5554555 469 445
560 44456 455342 4
442555 45615
444 44754 40
453154 5293 556 63 5
3 4534234 5257945 53
5335544 757
8 5 54 4635 55 653
65252 5445 5565
36434 04 4354 6
44 7544 445456 356
3785
456953 5
455 566 513 354 5425
53 56454 2335 34
58433 555553 96 833
4346244 464 545
4 324436 3
46 4563552 44 35565 52534
245424 53 6334 45
56 55 5 3
46 5 544 6 5625
44723 3454378 5424 4555
35370 4
74 9 37 5047
454 9656433 5645556 55
43 58 3 7458 475
5544 67 35 4432 845
6 4 6654558 17464 4
4 5 4544
424 946452 535 4483
34733 5
45 5253
56685 4 67323
6 4546 474645 125
5
76 56466 2
592 45435 5754650 7
4536 5 55658
545 0135555 3653
65552 45348 5
34 4463 546 47453 6
4 42384 3544424 484554
0555444 3544459 72
85 543 6177554 6228 42
44574 33572 4
553445
55366 4
655 45450 444 744745 4
352354 434463 3627
34546 45 56254 5494 8
554 4442354 37 44564
41 5 7445223 6433
64274 55764 0
422554 47245 464655 3
5555445 44
65 343
24 352 4744 5
72256 41
673603 4 5
39754
4
310236 2 371 5
4 66 45292 4
5547343 0573 625
550544 3566 4334
355 554
654516 69644 573
67954 583654 5604
64 745 27
6855 567464 52316 66
854556 453442 14 5
24649 767443 63 736167
751254 5579837 55855
3895 44
5498545 65
755 6756 395
842 3545 52524 55
45456 5444
4 553
5 351 6547 846
7 4
676471 4
32554 436 4
3456552 274443 5485 643
485465 68974 34524 8754 4
561 245 586755
5 4
774
455 45 673613 5355 545554
437 265 4
64 4464364 4
4 6444 5 064
567255 4 5
1 7944 47 61
3 46 65 5542
554 545 434944 6544
02356 544 454654
68 74 44 76 55 434555
55 34 546 5
45
0445463 2555046 545635
55244 54
2548 53 35 74
4545
444454 474 45 5 35
3554
545506 44 452556 425 4
35 4545
85 544395 45
54 74545 564
54 225466 4545 635 54418
55 4646454 2 64
5 7
841345 441
83247 4454554 426
5454004 55355 6
6778217 555267
521 24644 699253 26435
543 5455
4363056 4356
256346 94861 7554
5 56836
9445265 435255
64 56444
5635451 693 4
5369445 222 553763 553 445
65 352 5
355854 5643 553 4
60355
4635 3 625546 354
554563 2 4355557 64
485 3455456
4
54274 4533556 666455
32045 5475445 58
6584 5464755 4
3 5754335 55442 945
54 434636
4450 5 54253 545
545 313 5540525 55
253
4346474 7
433694 64 4455552
45463
465 355265
5556 8
46345 4 654
6 4455 2555 7 4
4 94
65834 44 45553 2744434 595
4364945 454144 6536 54
732 354 6 6535667
5 455 855
581695 555554
6354
465626
544 584 5 44454
1745487 554 355
545522 545734 53
574053 5456
74275
4364366 335434
346 6 6 464556
53 6 356530 5
45585 5 5
540 64615 655474 726
6544685 65525 75553 5536
7449744 55
8 56543 6 3366455 44
4 445 534364 1
4954654 7555 4335 475 5
5753474 44 435 54
4 550 32 45474 5534
46 8454
5577645 469
3 5
7
6 44345 67 26545
9554 662062
5555 57464
555 72 5
536 55
155553 4
654 637646 325 4345
454546 3 55 5364 5553555
6542 442131 543
4155 5
4545424 44459
2 6 52 38364
4 554 7 5446 39
7 5664 645 2545693 45 566545
355445 4529 55454 4
4 5454436 4 5424256
4 4454
525 45537 4
64443 6344546 555 347
34 553 354444
534 5535 5565466
5414636 4
69445
356 7
0 54445
4577 644 4563535 4
54 4544 50542 264 5
553535 443 6165452 63
5550 5 5
745056 5346545 456
5 45144 5 44 5458461 05
955 54
5234
55 4445 275 2 95
555 66557 045
54 73564 59 545
5 4485
44 74493 5654536 4363444 25
54665
45564 54
454546 52875 4 4
3454 67544 5 5464 5
55 4555646 4450535
4 411 43 54755 442
5442445 55556 55
557315 454557 746
1 55 45457
6663 6434 7 4 64258 5
355 53455
35 7454 471435 4
5683 5 55575 45 32
433 554 77 44544
45554 46555 4485 5
5 54424 54 4
464 55459 4454 4
44454 4445 6555443 5445 5445
64445
454 107355
49 2 46 52545 53
4552324 4 3 6666
433 75 456336 443533 547
4 465443 545256 554 2
5425 5
75546 5546 4
45596 456444 45620 455344
54 3 5466764
836349 644 6453 44455
4 3355436 84 55
28424
754556 542 25 553
77 5 457253 544
55774 4666984 7362354 7375 5
085 445476 8 4445 5
5663
2 4675
35327
465 6
4545456 5554 276444
4 667355 6
3344 559544 3
35554 4856 5443725 5542 264
5225 145546
2 5454741 865 5555
6445 536 4
53 64 674454 534
455 835 42
5540 434354 6 2446
533 8544545 71
743655 3 64
74 42 345 043 5505 5
63364 44 6355456 5354
9833 063434 5 43455 7
5473
764654 6635
37 766448 415 2 547574
323552 843456
445844 4953 3
3 48555
874554 64 54488
54 597
0 464 944544 2264
5655643 6 3 244458 44453
45577 65 480
65442 64 13
8
55483 55
2 55344 4 0254 5
54 492 4 54 5 33
5364 57 0634
46275 64 5 06
643546 2 34 456534 35
441665 44555 55
5455 7455554 454543 44
44 55 7533 5
494 567 144555 3733
535644 6476 655
5 445 43643 725 545 8
543 65 54
54473 4545444 53363 64
4444 44556 5445364 45
145474 5244 25545 52275 5465
5 4 5054551 135
7554 65354
4544564 4
45535 25 45 4445634 555
34442 51454 35 45533
4534449 274
561551 67 6
576512 54 555
674655 545
40335 65755 4 56 0075295
5654 6 3355 4517445 47
355424 4 4555445 637
26344 54 9553 45
6 3 664
5 5525457 36454 5
65545 4
4 5
422444 543 65355 6644
4446 54
5 7 465 43454 451
55 54 444556 55 54643
4455544 445 444 475
43464 544135 55
3 25555 5536
4554 7
4833 56 4
3455 63544 5 4 45
45 642 543125 445 566
3475 45
4454 4555
46 4555 4 4 5
5455445 5 974 44 5 573
644 544 24 55 44835 5
4 3
4554 5545554
34 5
5546405 4 4565
4553245 5547
45 45
455335 455
555 66 5
555345 3432644 54
4 554 5
355565 6464454 54
4645 5445554 4451455 5
544 47544
4 4434 4 4
45445 435442 4534 5
4555 455544 3 4454
4443644 45
51 44 55
3454757 554452 4444
32425 55 3554 53 3255454 356
164555
454515 255 43434 4543474
35653 5564143 4
445654 4726 444337 5 54
3344
3154 5 048663
6434665 277 627274 56
746 45502
5 16544 45434
53645 133655 664476 3
564462
5 3856
764554 74043
5524 766
444244 3 5544622 4
1
7
5856 44 3
33 36 544
5530434 556
54 55 5543 86
24 4
255 43 35443 524
556 5 554446 355 44
654 44444 544 6455477 45443
456344 4555 4 4
56
335 6
4455545 5642145 456
45 3
5465 5405 56324 4
47 454663 55555 551 4
5534455 75 646545 54
3 3555
454 45534 45356
5044
545146 3 6 36
653 6445 4544
353 44454 335 55435
554
54 7365 355
4 255 5456155 445
55535 5 434 5534 531
47 6474 54 3 45
245565 3 355
45375 5
48 554
54443 354546 756 5
654543 5453 7654 53453 64
35462
5542447 54
56 3564553
751 456
4254 64
1335454
44
55534 78
539683 3
6244464 54 5
5534324 43638 44 4 5545444 83
4563 55
554560 324542 45
5425 20655 565553 04526 5
8374 4
4 20
5424455 50524 6
3537047
6674 93
45555 55
5565524 2 54536 6
4 35 83745 847567 3 50546
544673 54 432
55456 3 3255243 564
58174
3454544 45 542584 465
25 35448 34 356506 453
33145 4465 4
5445 4 4
6685467 3235434 255464
4647 4 6451255 4
55673 5 5
5646624 744
5 7546 5074 4
1
335 1654422 3545 013
4455348 43 556
0245 5528 44433
45544 56 44 54556
8 43
5 45 49846
54055
544 459726
646855 436 17755
4533545
3357
44565 452 585
444 4 547
545044 47
443446 3362 765 355 20
5 46 455625
3214 5555 44442
55 203644 543674
3 3
054 433592 5 144533 5545
44724
445 443 35 445
65 343
4542435 2474
414 44 5443 23
64 046 34 3975
734599 836274 5543 102
2895554 495 55
4541545 5473 430573 62
555 505
03 5 5
55450 654516 69
14054 46795 458
65659 564 745272
9368555 67464 5231 66 6
1485455 64
4555466 2464
637
3436562 354 1375125 4
54063 2863315
54544 5 498
455
5567 5639545 44
2535954 8423
524554 7
4036336 2545 536745
536256 615
44221 4647454 6543 4
714
543 32 554436 4543503 5
54856 43455 554 4 24 245
434 524875 4
75533 5 35 6730
4277 446421 546
6736 1353 5
5 543 726541 4545
64 4654843 45325 5
74 34
55555 85863 43554
4574445 5329 533 46
4 6 03 45
34 94465 4444
445466 34453 6444 47 74
68744 4
5254 468555
3 45465 55
74554
255 504654 56 354
5554 86
445455 554 5
335744 5 5 4445533 6
5556454 754954 54444 54
55 6 46
4 45455 06
5045545 2
4 43954 543 544 5452
44 034 5442644 45
5 456
554 4 605
4235 4 64 445 58
4 3 25383 2
545400 4 553556 42
5 154 4246345 55521 24
25 326435
46555 4
452545
6256 624455 2
375 25568 364551 7
543 5
44555 6545635 4 5 1 69
445 22 25537
44 44
635 585 4564 3553 46
5544434 55 4 4
2 02 4
63 243555 5 76436
54 03554 66
6163454 27445
85553 2045547 544
59 55 6584546 4 75
6357543 3 555442 945557
505 54253 5455
68354 5313 55405
4543 4 64
636 6616 6 4
44 45555
4554 9
45654 6 55 4
59554 5534 554
7557449 4 75 75 34856 6
444455 5 32744 4345
6574751 436494 54
4453 302
6653566 7555 4 244
5555 456254 473445
454 44
6253 5 415
5644 3654 4584
517454 8755 4355
573453 33466 25 45
5
42751 5552377
355375 56 656
646 455 6
35 6530 5
55654 446440 45 53
726654 5656 445474 43
5257 555355
44 97 44553
4546
5 4363
444 46
5343 641 3 440
555433 54755 8 03
8545 5575 3
423 554
5 3433 5555468 4545
35 3354
43 435 645624 5 44 6
45 3 2556 705 44
6206 265 4
57
93 55557 25 5541 3554
44 2
4545 64
463
45
4494 4554
5 55432 5944
45
326 45644
575546 427
44505 35
3 83646 444555 3240 5254
7 4645547 54463 9554645
7566464 52
4 6545 4555 44 355445
44 563
425 6555545 545 35
5545 4 43525 4553 74
685644 4 36 344546 555
455 33544 444 4
355 5654664 556
69 44552 5 334522 4
4 5542945 645776 4
445 05 42 26
53544 36 1 654526 35 45
4 33146 352774 5
544245 542 8 55545
10 543 2653 5495554 45
659 535
9554 44527 5 295 4
154
5504544 4638545 8
454356 455 655555 44
7449356 54536 436 3444 2
46655 45333 5
23514 454 543545 45
4554245 55575 4 454434 546 7
5 54 555646 4 45
3 444755 4545253 9
4424454 5 4456
15 5456065 456
54 5455774 6446653
5544
43 566 466 63 6 4347
4 5454 5 5 3574 5
46544
35
4555545 455445 5433 554
4436 254 42445
4485554 544
44245 445555 55754 454
94454 4
5444 45 65
445 644 45
073 555524 535
465254 553334 6 3 35
552 3244 36666
548
4563 36443 53
2467356 6446
745544 6 54255 4354565 4
3 544744
444 5620455
645 86 4 6454 34
4836 34
5673 565 635 343433 5
243552 84 24
754 55 65 4225 55
3 775 4 57 25354 4764
2444 555
847 36
365 543
844 455456 4 36 4
76246 7554522 63 5327
455 465 654555 444645 4
54 54 175335 4 66
645544
5543 344
55655 43 55 5448 5
24 7646 412 55
3 3554 582545 4741
3546 5553 3674644
566453 6
454 5583542 7 553
45 155
24
33 8455
5445 4571745 663
3 3 3565 26 563547
55054 544 3
54 4403545 55 651
98330
35 475473 51335 43
24517 2 4337 76644 841
528434 56 56 554521 544 2
4 4584449 533
59 35443 345 3
8554232 7355154 5459 72
44 30464 94 45442 2645
632 44 458 444 536
548076 4
1 65 4
8825 52357
437554 8
4485354 25
35 24 6444 675 46 5845 4
654 5
570 6346 23
627564 506454 5253456 8645 56
343 5
67 5355 534 454 48
5555 445
6
4 5 656 774549 4567 144
73346 5445
54 4 553543
522
585464 235 154 4463
544 75445 56
4 453363 6 44
444445 565 4 4536 4455
657364 341454
7435345 56 454 505
53 4755
5444 2 4544564 45464
5 634 5 553 4474
434 442514 543
44642 444145
7 644554 561 55 167 64
3457651 2545555 5 44 504
6864 9354 54
335657 5 5456007 529545 544534
6565
755673 54526 35
4574377 36
9 55345 5345 645345
46366 4 4 79
6454544 55 565 54
247435 5454422 444
444 138544
454544
55574
774 5546435 45
545 5654 5
54 444
5363
5544 555 35583
434545 43336 525 455476 4
5645 5
9545459 6 345 563 5
5555 633
543 1254455 66
4555 544454 5
5577546 44454 6455 5
4345 55955 4
4 54745 4 54564
4835 5
443545 4424554 5545554
4 556354
4 54554 55324 55 5475 5
35545 644 553 354 555345 544
6654 4 544
264 45446 4
4563555 656 46 4454544 6
544
45 3 5 454447 5444
35 5555 6 4454 55
57 2 46455 545 5
43444 36444 56 4655 4
6445230
3454 7 57 5
444553 7 54
53
64555 574555 5345 4
54 34
544235 4
2474 4446 235 445 6 5
7 554 6544
4 2554545 24444
673454 4445 0664346 6 52
56 553
55 7346 55556 51
25 1 57
6451336 5
395 9
53 34
59665
4554 7
5247 66
7664532 74442 4
4554 166443 53
6
344 5545 45 354
4565 5534455 3 043 4556
5455554 386 5
4454 956354 46
3524 5565 535 4367454 5263
63
5654 444 4454 46
45 6553 45
63 444 5554
4556556 65 454454
3563645 453445 55 4
4 44355 4345 3 40
3 5 525
4453 534
45 466
552 5944563 55 5
55554 543355 54 5
504 444563 4 5
455 5
1463 6
364454 544 454 3664 553 3
4 543 3
555 4694 45 3 4
35560 4445645 5
456 1554 4552 5442
054 5553 5
3556635 52 4557
454345 3
245 5 653
3345475 648 554 46
444 3354546 7 5652
3 54537 6545
4455 54465 35 542 44
6356
9 43
5358 15
66 51 3
554 34445
478574 4 5843 3555 5
244464 5 4546
43 3553
445 5454448 34
534 6 57 554 560
445456 455 4
520 6
5054 46 483
465625 85
54378 542 4455 50524 6 453
455471 036566 7 49
035 4
64 55 5655
63656 4
5 05
55446 735443 28
33255 2 4356466 5
7464444 465976
5425 84465
35 5542
56 5064 5
4544 654 552535 745445 4
854 67 323543 4255
55755
451 2
553 25455
6624 744454 7594945 459
6
55535
3655 56584
5 5 3653 311
55603 655 52453 48584
55 284
134446 354
554456 44
6 4730344
5444244
4055 544435 44
952505 64 68
2842637 453354 53
4555565 5 34456 54
536645 43594
5655454 5 044
23 54434 46 3
345 464 5
6345 5432145
44564 5520 364 4 5
364333 5543
427455
144533 55 455
472 45 46 4
4 544335 4 454
435
47445 55837 225
2
0 345
77345 99 83 62 745
4289555 449555 3
78 444541 5455473 430573 62
6 6 4334666 44
554506 54 51
3876937 424727 4
5
6044 44
7265 44 4450 454
464 52 31
1 485 45564
455546 6246 497 6744
3616 747 33
4137 5125455 798
5438954 45 355465 4
56552 4
63954 544545 417 253
2 4 5547
44
03 633 6
9 8
5478465 44 6 0 4
65434 444
5 42 5 4332 55443
5746345 6552
34555 544 2424 55456
4524 87 54 4
8675 533535 6
6421 546 47452 6
5 355
45 455463 44 3564
325555 54
506454
7255455 555 858
76154 5 744455
3544603 45 4554 5
0235654 4454 654 4546
44 647687 4447
4263 5 3444 05 45
545874 5544555
04654 5635456 3555 548
55
357 44 5 544 455
4403555 64547 5
5535355 43 4035
0454444 54550 6444
4532051 6 3 54 554
5255474 545564 5184403 4
542 2
545 33554 46 0554646 454
444 5 58 4
3 24744 54
533 57385 45 40
778217 55
5521 2 46 4 469925
5 554
4
630564 356 4625
56346
5375 2556836 455
45 65 4596 45 6444555
6 93
3 335645 5
255
3445 36
2556 6454 4944545 59663 5585456
60355 455450 53 545544 434
54 5454452 024 2546
63 2435555 76
53
5 6 4454035
6444530
3 4542
3 85553 2045 54
848 6
755 444558 347443 536544 3
4429 4555
25485 64450 55 42
5683 5
355 66 45 434 64
6366
55644 336946
5 045 4546
3552
4 6 5543 5 463
5595 54 5 53
57 4665 4
475574
6 361
2744 434595 454454 4
5 41 446 536544 5330
35 466
4 3 4 54
2
454444 446 354551 74465
324
54 547 66152 545 23 3
7554355 464
25 4552
46625
5 57 4275155 5237743
3354343 55
34
4424 5553635 653055 345
4464404 5 532135
266 54
4547443 654
53 65 755
4497
357324 45
654363 36
45294 54 644444 553
45495 4654 755 54335
448545 5 5753474 4443554 4423
4455032 4 5
3555 54
554353 354642
95
45 4 465744 45
5644
255
206 26544 464 55
4745 7 4644553 45549
3554 553 655
34 54420
4506
5455588 4444
46355
4456443 386 34
6 45 6
5424444 5954 4
8 36 464 4455 532 4 0
54554
54 754463
5 6 93 4556654 5
45 2955 454454 456344 5447
645424
3574
545 4 435 254
4545 35 4256565
55534 73 3345543 45
534553 5556546 645 5636
59 5445414 63645
5253 3
330544 45245 5429456 4577
555546 3544544 5054 22645
3535443 6 165 452
05 5
545456 2245442 45 54 2
8 4 6
438 94 2523426 59
1445653 84
7 52954 45355
7045 5504 5444 6
954 5 4356 4556555 5544
356 54536 436 344 42545
545 56 4546450 23 51
2875445 4444 5542
445 54645 467 44559 5554
3 44 47554 5
4424 454544 565
51 5 54
45 57746 44665 3 5555
454574 545 46425 4
54455 5 5333 5553
357 4544714 35 44
55 754532 6 6445555 454
4 4 4458
4655544 855545 4454
44 5
9445 4455554 674444 454 64
3544 55 445445 64
4 541073 5555
92 465 25 45533
656548
654855 44 83 8 5
563
5473 56432 355442
4 3545 25655
6 542
654 6
463 35 4 4 744
555 45314 6 5 445
543454 5558
3496
56 73565 63534 343355
35354 4243552 842454
5656 454754 556
44544 555554 3775 4572535 44
4466698 4 7362354 7375
431835 526 5655
66 354 6 3 3
3 2 77 25535 6645
4645 45 4 5655542 76
41 75
55
33 4455954 4
4355 5448565 4
12552 25 1455 4 6463
2 54 54
41
64345 6444566 45 3646 74
5 67443
346 20 4546245 45155
435462
7338 455
385
635 42
5315225 3335
4504355 055255 054 54436
454 4 40
170 4
43454 3455
35 436635 76 4654663
4337766 44 841525 4
2355 2
4584 4495 3 35 4
4
4334533
54 4 8855423 2735515
5 544 4
645434 4
455 5147
4453 6544526 63 548
46454 5 6165442 641
4 564375 54835 5 555
53542
0254
5
5 845449 245
45564 35 3 9
2534 257 574 44627 564
23 445653 43 5656
3 5553445 448545 574555
5654 455
7745494 567144 55
545655 3
647665
4665544 5436437 25
444 63546 40 454365
2454473 4 54544 4533
457885 4444445 565 4
3 64341 4547
655364 3743534 556 4
135437 5445 34
4424544 56445 46
4456 3455 5
4425145 435455 3
42 444
2 745
37644
15516
34 576512 5
44567 4
686493 5454
33565 75545 60
5445345 5 12
35
56 73 545263
45743 7 7 3643
5 3 456
5854463 664479 54544
573 645 4544 5 55655
543544 556247 435
56 644413 854446 54
55746 5434544 517
44445 56
4555 445544 555444 454
45363 4454 346454
55 4455535
55536 4654 345
7643 2345451 65645
54596 3455 63
3514 5456 4254312 5
45534 75 45555
4
4356444 55 5
555554 54 3 4 55 59 5
7444 55
64 46 33 64454 4245
544 2 4554554 55 54
56 3 5445564 5
45 5 4
54553 55 453355 45644 5
45 3255 556 654454 4
4326445 44
4 55455 5243
4454544 6255 5 5555
5526454 53 54 54447
44434 44554 4544
445435 442453 45
5545 554 5
45 646 55445 144
5 66 3454757 55
445 537
55355 4533 25
654535 54
55 345455
543434 4543 47435
355 6356 535564 1
7444 462 35
7 264
4 442 5545 45 244 4
663 442 3043
06 6434
3 547 46
573 4
45434 403 7251
6 5566447 639594 56 44
35659 6653 85636
353745 552 47 665956
327 44424 4355 4462
443535 5676 45346
5 3545 055454 5 543
445530 43 45565
5554 3865445 5724464 524
4466
45 5655 35
55 445 3434 43 55445
47 7
56553 4
576 54 54 5455
6
3 563645
554556
4 44
53355 2565 4655405
6655 43
35 5555
44563 5
756 46
454335 554544
5344535 644 554
44555 4 44 14 25
65 3 6445454 44
444543 355 5435 454 6
4453444 442546 54736 5
564 5534244
25 554
5 3
5543455 345 31545
45 57553
5434
532 4556 53
45 37 5 524
5565335 4 254 443
565
654 543
3404 4 3 54
5 42447 5
536469 4378
644254 6 455 5 665
444 535 6
0 643
5 5396833 171644 24346
53432 4436 38
046464 5635524 4355 6552
5424536 334 45
4542 5206555 65553
5 4465 625 85 3530
4 543
4 7 844 8 6 45
750 473
33
45 5 565524 25453
534 504
35 0546578 37485 2
3284576
563
74 64 44 44
55 425844 65 65
5 06 453434 7 3
5253 574
4765 55668 54
3425 546
5543
64746
55 5 3
5535 547457 6 56
59245 43 55754 6
14453 655565 8
22354
3115455 4455
584554 024 5552 8444331
5363455 445 6445455 64
45 4 9846 4420
44 597264 22554 6935395 2
4 361775 5
72 476 5 4 6 4
5654525 85553
4444454 75365
044
424 233 53523
6 2765 3
56254 549484 4 46 3
37 445645 52036
36 433 355
4274
45 54 2255 44
555555 445443 35 445 445
5545424 35
5837
6 67360 34564 046
47445 773459 9
62371
54 28
29 243 78 4445 4
28 555505 44
666 44
955 4435545 065451 66
741405 44
483746 565 956 4
6544445
555 67 46
45314 8 54556
6847204 5 55466 246497
16 7 4733
125 45 579
54389 544 535546 5 4544
4
556756 395 4
548423 5455252 45547
5444 036336
6653 62566 1
78465 4
4745465 4
42 54332 55 4436 45 435 0
5522744 43548 5643455 55
46 56897 4345248 7544
2455867 5533535 6
421 5464745 26 53
54 564 554 3
3443 564446 4 3
4445064 54 74 34
725545 555 5
545744 4553295 3 34 6
62 4444 6 354
654444 36445 5602356 5
36444 477446 476874 447655
46855 5426 35344
58 74554 4 5553 36 43464 7044
56 3545635 555486
3545 134 1554 94 44425
5 454 4 03
495454 4445
45 5
444545 506444 52556
5253 5454532 0516
4354454 525547 45455 6
264 445
554
5446 055
5 76644 2354644 4
4432538 324744
3545 3357 3
55 642 555
76 93 2515
5 3264354 2 34 55546
2
6435 64625 662
861 75 54 69587
3
43 52 55
6456
64445 556
41 733356 455 3694
634 444 6 5 35 2556 6
9 6635585 45 6435
545545 05354 5544
445202 4254665 4 5
324 355
3455 4 564
6644 4
542
385 553204 55
5 453459 5565
5444 55
6357 5 433 55
575465 535443
56445 0554 25
3533924 6568
55 64333 56
4 4 4 364636 6
3694 64445
45 4
4554954 6
26543 4
4
3546 34
534 554 4464 4 5 5 255
2
5348566 361634 4 465
9545 445445 49 657
44 653 6
5 5732
3566 7555
562544 7344 5816955 5
6562625 3541 532432 5
8 4 5
15
875 543554 647 53
254573 4533 3466
35 456 3245557
7 743643 6633
6 656547 455
5455 5344245 5 5
3 45 6355
544464 4
61 56554 74726
656445
5655 2 57555
4 4267 44
53553 57
36336 6 4 5 5444 54
5294546 44 4
4555 74 445495
7 558036 455
47 4 4
5032454 7 455
5468 4545765
469545 4745 8 43
24 54465
5644 3 45 6
4259554 66
555 55
4 455345 5
574 554 4241 5 555 3
46 37 6463254 34555 54
944 55 42 4
455 5355543 2594 4456443 386
3154326 4564 455
54 2444 4595
545732
44 5 55
465 4 37464
5345 44 26
452
446 545
5454454 456 344 544 74
454
74 445
4352545 53 7 4544314 5 45
44
534 733 34554
5453455 35 55 654
9544541 46364 55541 2
575356 7441453 3 05444
4 445
465555 463544 5
65 565 555 3 5354436 16
3 314635 2774 50 56
5542 855545 144
544 5 2 535
5356 6231 4
955444
532 154 56455
45444 6 385
5 655 5554485
744935 654
68455 466554 5333
5 1445454 354 54 5
554 245555
5467 5
9555455 5 64 64450
54 53444
4244 5 45445 654
5155 4560
5455 7746 446
55 44
43566 466 6364
2 58544
56154 5454553 574 54 4714354
5 55 575453 2
555 4545
45444 4445816 5 45443
5 448555 45 4
4 424544 5
4554 59 44
4444 54
3 54455 4
445