405 763543
6644541 07355
4 5350855 4343 5554 466454
633 56
523 244366 6 6455 556
563364 43 5 33547 3
64465 4435 452 56554 2674554
546 5
54 64463
5964 56 44 4456
54531 4654 4554 35466
4836 3496 4464534 4455
434 33554 36845 5353 544243
5 545656 4 547 5455
5 555344 5445555
53 544764 45322 4445
473 6 235 47
9 36554 31
656550 8 54 4547 68
3546 3 3413554 0 76 246
356 64 55524
5 5544464 545456
4555454 1 7 5335 46
93555 7
43344 559 5443
255835 63 55 65 5435
43 24764 6412552
63409 3355 4
5555 54 1235465 553 367464
5664 536 467 445453
583542 75534
54 624545 15555 404343
1414533 8544
456 63 5 4 274365
5652 656 354
550552 550 5454 43
3 5 4544 4
998 33063
6556 47 5 43547 5473 51
35 478524 5172433 776
4757 44694
52 843456 5 655 45
44495 3 3544465 56 6
33 45 3354356 5 487455
54545 97
6365 544430 464 94454
444 53245 5 51472
4584 44 5
66 3 5 484545 577
5 4645 456165 4
357 534 534 4564 3 7 55
3444025
5864554
44675 46 58 454
5 5 56545
553645 70634 623265 2534 2575
5452 53 45686 455 6
3565654 44 16654 45
4544 854
3 4455 5134 63 565 44557
494 56714
53 73346 544545 65535 356446
34584 6435 226 44
5 4364
5 854642
463 546404
5544754 4556574 54462
4 54 445336
45 4454 4 646 457885
4555
3643414 547
42 55 4
3643 74353 4 55 6454505
7 554 653545 4 34
4455 3525 4544 45634 5 5534
4643 4 442 5 14
244414 53 44492 745352 4537644
64354 46 46375 4634576 5125
6746 555 45686 49354
7554560 07 5295 45544
5 654633 55
3755673 545 2 635542
773643 344546 2
564 5 3453554 545 585
456554 5 555 25 45736
4 5466554 4 7354543
544224 445436 5355664 4413 85
547423 6835 55574
4554643 5454
455 6555 464344 5
444 45444 4752 4536
5554455 535 5835
5 5553 6465 4 345 45
54 5165 6455 544648
4444795 4
3544544 562 35 5555633
431 25445 56645
54555 544 454574 45
6 44455 55775
544 5 244 55555 5545
7345544 3
45456 44 63364
54 4 83554 635554
554 55 5345 563 5
324 55547 55445
5 335 545644
5 5345544 25445
5445546 5245553
26 44544 6465 45
5524 364 5635
45 4462 55555
45 14 5 555
44754 44
5 5 54443 4445544
4354424 5345545 444572
5 5 54
4554 554344
4445646 55 445144 5556
544 45663
5 24 44444
4324 2 55535 545 332554
5 745555 34
54515 255 434344 54
654 4235 4355635
45646 24744 446
5 447
37 554
44425 5 454524 44 463154
454 4445 0664
274 5 635 65 535474 6
5 55651 654
1 57262 673553
3655664 4
59456 4462 3 5 3345 43 5
64 5547404 35
5 5 24766
5476 6453274 44244
6 684554 16 64 4353556 764
6443445 54
4535 450554 5455
5 655 5 34455
568565 4555 5 4386 544557
5446 6561 4
3524556 55
367454 52635 5655
55445 34 34 4 35544
464554 7 745
456 553454 2245445 655 4563444
54 545455
6 65454 45463 356454
55455 6421 4545
355434 534074
6533 5525 6 5465
34 542
4745 46635
55514 5455 535525
5545 5344 557
55554 5433 5554 5445555
564455 4445044 4 45 6345436
46 363 6535
5444543 6645533 554355 454
3355 54 354546
5455546 944 53
2 5465 473 6 535 56044
442 555456
5442453 644 4 44754
3 45
5566355 245 5755395 324
34 525 794
5335544
45752 445 37
5475648 5544635 556 53
5 4 54675 652
3 5 45376 5453
2 445554 46535 54244
63 5645536 4 69437
535547 6
13 354542
44535 6 4 54
555553 4 7 8 574 458433
4424346 244 4645454 67
5534 3 244363 8 4
46456 3 5524435 5655
24 5424 5363
543 2454252 06555 6555304
74 446554 46562
304 20536 564 4723345
0524 645 335370 4 784
7493 7504736 44
30 3545 49656 433 5
345 0436 365643 5837458
7837 485255 44 6 73544
554 5633
646654 558174
4446 5 9765
425844 65655
424946 452535 4483 4 35650 6
1454 4 654 55253
45476 5556685
3 42 5546442
46 47 4645125 5476
47457 6 56 4662474
459 245 435 5754
535446 31 445 3
44223 545
53 65331
8435560 36555 2453485 84
331 413 4446 3 5464745
442 3 843 54442 44
40555 444354 4459726 42
5056 46855 4
546 22842 6374 5335453
6455556 553 4456
6454359 4644 44454 753653 5
745444 42 4233
43446 33627 6 53552 0
25454 9484446 3455
44423 5437 44 56 45
5 744522 36
6 5366 4274557 64054 4335925
4 472454 646553
5 445445 455 4653
5424352 4744 55
3 235 764846
3975 44536 36584 474
836 274 5543102 3 623
2 895 55449 5 55301 46645
54734 305 73625 6355422
6644 55035 55
55450 654516 696 445733 3876937
67 954583 6
8374656 595 64
4444504 54454 44 2493 6 8
663532 74453 148545 5645
5554 662 46
747 3335 4343 656
837 558 5554063 2863315
654544 549 85456 5524556 3344
75567 56395
4545 41 7 2 5359548 42354
625 4545 65444 03633
8 46665 36 2566155 3516 547
1 46 4745
25566 45 4254
536574 6345 655227 4 4435
24 2
8 5465
875445 7421 5535612 4558 67
7534466 4534277 44642
2745 5456736 1 3 53555
2 6541454 55463
643644 654843 453
5554644 45064 5474346 368 3
8 634 3 5545 517
295334 66555 42555 6 56 2
455 454 5434
4444 364 45 560
6544 54663
3644447 74464 76874 447 65543
542 63 5344405
4655 5354 587455 4455533
4632555 04654 563
86554 5524454 555 5
1 55 49 4444
6 45454
035556 4547549 545 44
340355 45 564 6574
4550 644
6425 455 5045 54525
635455 4855443 95
4545 564518 4403454
454 22 5466454 5 635 5 4 4
4 542
4453 576644 235464 44558
44 3253 8
5442 64
357385 4540045 5 35 56425
1755 52 67 69325 154 4
9925 3
5546555 43545 5 2
45 4363 0 564
25 6346948 6175546 95875
455179 4 45 2
464565 4 59 6456
451693 44 8445 542417 3
2 2255 376 3553445 365634
4454 559663 55854 564355
455450 53
54 4434 554446 35
52024 2 546654 534 375 545
485345 545
54035 546 644
4542 74453 3
45 5 3 85553 20455 4
54 5345955 65 8
4435 36544
75 433555
94555 754655
544 34636 4254 8564450 5542
465 6835453 13
356 525355 664 543 46
45 5 564 4336946 4445555
654554 9 54653 5526543 4
8 5645654 655 435463
455 955455 3455 44
46 654 5442475 5
856 6361
65 834 444555
3459545 44 544549
454 54144 6536544
4 6653566 7555 4 2444
47 3445816 95 55555 445444
5626 25 354
6568656 44365 445 8454
4517 45487 5 543554
5225 4573 45333 4662545 6574053
557427 515552 37
64 36633 5434 3 55
3 4666464 5
5534 4245553 6356530
3 545634 55 855 56
6156 554 74 72
85655 25
3553 65755
744974 45 535 5
84 4468 56 5
44446 45 4554529 454644
024555 7 4 445 4 95 46 5
448545 55
4744 443 5544423
544445 50324 5474553 4
5435 3 354 6424
69545 47 458 4343564 562
75555 6 44 3456726
6705444 2595 5466206
555 574644 30474
4554 9 35555 725 5 5 4
4241 5555345 442 0454564 450
4 63
5558 844
45 542 454546
5 9444 5644338 6344
3264564 4555415 5 5575
4 2444 459
46 45545 7326
3646 444555 3240525 4454
4639 55464 534 544
25 456934 556 6
3554454 5295 54544
4 45447
5424256 55554 5545
1745456 4655555
5455374 544314 5 45
565655 6 8 56444 3634 4546555
354444 44 55312 55
644 595 44
9 44552 5334 52
5330 544
45 6457764 4456353 5444
5445054 22 6 45 53 50
6165 45263
3444555 0
4331463 52 7745 05653
22454 4 2455
4514 4544545 84 6105432 65354
42 5234 2659 53 5
3845069 5 54 4 45 27
455566 5570455 50
3854585 54547
95 4543 5645
4364444 7449356 5453643
4568455 4665545
4554555 4 556
545454 65287 544 54
4555 5754
546 75445 546454 67
64644 5053
54534 447554
44 11435 4755442 445 45
6 5515545 606545 6466
665 355 5545 360
5454642 54 3 5664
464258 544
5 3335 55345 56 15
3 544455 5 4654
55 557545 3 2664
554774 45444 444 581
455 5446 5554 485
5355442 4 5445 555
5546744 44 45464 445444 456
6444
4057 63543 33546 64454
5 2453 50855 434 3555446
5533346 335 656 54825
66 6455 5
48 5 5448385 4433
73564 3235544
3566 446 544354 5256
5425543 545 654654 775546 554
4 7 445455 9645644 445620
445 543546 67 6 458646 45434
363496 44 64 534
6735 656353 43433
84 55 35
24545 4
4955456 564 54754 5
5555543 7754 5725 3
555 7744666
2 35 4 73755 44
5085 4
45643 64566 354633 413554
4522 6353 277255
5245 5465 654555 4446454
764 4455545 41753
4 55446 9 3
5554 3344 559 544362
6554355 5448565
5 542264 32476 4641
3409 3355
4 186555 5 5 4
345644 45664 53 646 744
455835 427553
5 4624545 1555540
0 467 3384 5546141 45
5663542 7436 5536453 152253 335652
4423450 4355055 2550 54544 3
545 65354 544403 5 4
3434 5 43 455
7 54735 1335
7646 54663
4354785 24 5
6 448415 25475 74 4
65 65 5452154
4 45844 49533 544 46556
4334 53354 3565487
5464544 8855
32 735515 45
1 575663 655 444 304649 445 4
324555
656 5564 3632444 584445
63 5484
7644 8358 654645 456 165
523575 3 45 344564 375 5 48355
2 553444 025450
543 5246 4 44
4492454 5334455 5654556
570634 6 232 6525342
0645 452 5345686 4
462 344565 3435 6565444 16
454 485
5554454 54344 55
3 557 545
7144 55537 3346 5445
46476 65544 553543 45
445 43643 725545
4640454 3 655447
544624 54473 45454
4 4454454 4646457
455654 4536 4455
4145474 5244 2 554552
3 4 556454
3754453 4755465 3545 434544 42454
6544 554 44553
3447445 35 54
4251 4543545 53345 54 464244
45352 4537644
5456155 16764
43 54464 6375 4634
5555 4 4504 4456746 55545
544033 56
5 600 75295
4453455 12452 427656 5463355
5673545 2635542
455 54 456374 5743773 6433445
4 95
5 645 345355 4 5455 85
45 655455 55 2545736
54 5466554
45 4354455
2 47 43554
5566444 138544 465485
23683 555574 6
5175
4 64 354545
65554
5 4 55 654
445444 475245 3 634 45
4555355 83545
5555536 4 6543
336 5254
7643 234
65 6455 544 64833 564
4556 35 44 5 4456
5 431 254455
534754 55554 4454 5
43 5 64 44 555 5
5554543 4555 9 5545
455 4435 454745
3 644544
48 3554635 55 442544 35
65 54555 34556
4 640544 56554 54 5
554 4
55355 4533554
44 55
534 5544 2 5 4453
4652455 53 453 432644
54 5 545
56 4644545
544645 544 555 4445
535454 4475
4 444 5
5 44544 3 555
4 543 5442
34554 544457 2464555 4555455 5
5434 4 4364445 6465544 51445
5444 566345 4
75 544 5244 4444455 375 46
453325 545 435 6
55557 4555 5345 4 5
5434743 55836 5
35563 56 5355641 43 45645
3544565 44726 44 4337 554654
4524444 63 15 4504
3667 3 45444 4506643
456356 5535474
55 326443
734655 556
434 40 37
72626 73 553 6
7 6395945 6446235 3
5966538 5636333 65447
74 04353 7455524
95 644 4532
4 435544 62243 4668455 416
52466 3
8564 434 455454
05545 455433
44456 5553 44 55
5685 654555
65 44 5572446
635446 6561 4255433
6745452 6355 6555
34 344355 4 455
7745 4435
5534 54 2
344 45554 4576 5
4544546 3356
442455 356364
5554 556421 45456
4443554 3 45 340 74
554055 632445 353454
634547 454 663
5525944 56355 554 5534455 756
555545 4 33555
5 53445
45 5444504 4 44
5544555 4
2 545146 36 36 53 5232
54 3 66 4553355 435545
555 4 3545463 5
344 44425 4654736 535
455 64 36
544 5525 442 4536
5 45 5535 543455 3
524557 5539 5324 547647 454
2 45 56
457524 45 37552 4333454 7 564
354254 44335 454675
4 5435 4537654 5345
2 445554 4 6535542
455364 694
45647 51
815 35 5 4764 42 546
57 45 543 444
06435 5555 3478574 4
1 7164 42
467 256353 5446 433553
84 4455454 44 834 540 46
657 5 54560 3
456455 4324542 5 20655
0452656 35054 4648 374 4
85 3530 42 05 3656
0 5246453
78 4486455 471 036566
3644555 55 58533 035
242 545 36624 53450 4363656
673505 4 657 8 374852
76564 46355 456 33 2552435
444659 765547 1 73
455425 844656 5 5 43555
4356 5064 534
644 43314 54465
5745 4454 45556 4547655
54342 5546442 455575 543 3
5476465 553254
5673 5535 54745
47444 54 7594 9454
4 433655 55354 46314
467733 51 6 544223
3115455 445 5348435 5603
84554 0245 55284 4433 141
3 45544 5644545 5647303
54 9846 44 20454
6422554 6935395 25056 4 6
637453 35453 4115
76546 455556
65 452585
543594 6444445 47 5365 35
4 442 42335
653 5 5203 5 47375
4446345 54 321 455
5 520 36 445436 7
35 54 36 536
5443 3 59251 445335 5455
25 55
3354454 454 554
54 5 545 4
55 83
444544 3235764 846
6404634
4536365 84
7445773 45998 36 274554
34 174354 2895554 4 9555301
378444 54 154
6355 4228 55
6664 4550
453429 5544 355450
3387693 7424727 41405 44
44483 74656 5 95
265 4444 5045445 4442493
66 353 27 445314
4668472 04 5554 66
473335 434365 6235413
5406328 6 33154
535 5 4654544
524 556334 446255 342
45 445454 1 725 35954
477465 4053446 25
03 63362 5
67455 53 984 666536 256615
5446044 221464
546543 4444
325 5664542 5 43
5435 0355365 7 46
455554 4 242 45 54562
574 2155 3
33 5356730 34
75344 6645342
4642 15464 745 26532 7
50 35 456455
1454 55 4634 435
65 484345 32 55555
54743 46368 375 5
55 558586 343554 5 5
545744 45 5 32953
5 5565624 4 4463544 603454
4 4 3644556
454 6634 45 3 6444477 44 647
6452 5446855 542635 3444054
553 54587
5445 5533 6434 647
456 35555 486554
5555 4553545 1 3415549 4444
45544 455336
454544 0 355 56454 7549545
35543 40
55646 574 4455 480 454444
5 550455 4525
32051 6354 554
435 445 4 525
5 184 4 0345442 6 444
6 4545 3355 446 0
5 5315 4453
66442 35 4644455
4445 44432 53
443 5453 3573 8
4 25555
693251 5442 46345 55
4234555 4655
2 334445 2545
4625 66 24455
69587 5 3752
4 5517
554604 64 565459
55 565 4
484 455 4241733 35 6 45
365 63 4444
5 6645 449445 455966
62444
4554 5 05354 554443 45544
5454 45202 42546 65453 437
36 546
445403 554664
453 03454 361634
385 5 5
72484 8665453 45955
4 4558347 443 5365443 6
557 546553
425 4 8 5 6
595 353392 465 683
64333 565
556 645
544436 46 366616 6455564
355045
4 6545 5495
434 445494
56 4565465 5 435
44145 5664 44 559 55455 3455444
6654544 2475574
7 5 7534 856636 163444
4544 5445 49657 4751
453302 7 63954 55
555 4244 43434
55 45625 447344
4 5444444
55174
2535415 32432 565686 564436
547661 5254523 3645
464 7535565 32
3 346 625456
3 24555
1 5552377
355375 5 66 56547 455
845 5 5 45553 442455
534 5 63553 54563
6 5444644 04 5532 13
654 565 6 445 47443
57555 544 26
355 35732 44 5464458 4 446
454344 446454 554529 454644
344 02 4555 7444 5
80364 55064 485 4 55
4 4235549 45 5 4 44
33 5555
576554 3533546 4245
54547 4584 34
645624 54465
4 4454244 5 7555 5
3255670 544425
654446 455
430474 5746445 534554 935
55 41 35545
7455442 4
54420 4545644 50 635
55545 5588444 494 45 542
432594 4456443 386 34454
2645644 555
575546 4 27
5444 450 53 54645 54573
6444555 3240 52544 5455465 43 746
554 6453 4 54 4 264 4
446 5 4 5 455544
5 4 456344 5447
5555 45 545357
1745 456465 5555 45443
544314 545354 256 5 655685
3 3345 54
445 53 125 554
45563 6464 459544
5554 12
525334 5224575
44145 33
245 54 294 56
44354 65 555 46 3
535 055 46156 55655
54 5 3444
433 1463 527
22 454 42455 428 5 5
432 65354
4525354 38942
265 953566 2314456 53 845069
44535 553215 4564
550 4544463 8 5458 554
435645 56 5555
43 42 5 5454 3644
456845
54533 3545 54555
64 502 3514 4545435
54444 5 5424555 57 54454 4
46744 5 595
5 355453 4 44755 45452 539455
445 454 456
155 45606 5456 4664535
4466535 555 45360 55445
45 4 5 46 42 5435664
44 55 5533
6 1 5454545 5
44555 46 54 4 547433
66 44555 54 54 554455
4444 581654 5 443625 442445
5 45445 4 3455 4544653
555 555 7 54454
55 5 5467444 4 45 46
445
405763 543 3354664
5524535 085543 435554 4 6645
33 4633 565654 8 25
4555 566 54855 44 83854
3564 323554 4 2467356 6
674 55446
43 5 456546 547
4633544 7 44 5
54555 5453 1465445
5864645 43 4545 5588 354
5 36456 7356563 5343
35354 424355
545 44455 495545 656454
555534 454 45 555543
7644 53 2244455 5 5
44 9365 5431 8355 265655
456 4364
546334 1 3554076
545226
7255 35664 5552455
5 455 54446
5554541 7 5335
45 544693 5557355 554
6252558 35 635 5655 4
32476 46412 5
46340 93 3 5 5458
41235 46555 3367 4
34564 4 4566 4
4 5 6744375 345
7553462 04546 245451 5 5
0467 3384 554 61414
7456 635 42
53152 2 5 33 356 5 2656354
2 550545 4436 54
54 44035 455 56 51704 5419
6556475 43547
5133543 6635
4 3547852 45172 4 3
4 6946648
565545 2154 424 5134
54446 55 6664653
935443 345335 4 35654
5542327 355154
254615 7566 3 6554443
5434444 53 24 5 5514726
654452 66 35484 5
7644835 8654 64 54561
56 9564448
2552357 53453 4456437
55 57 45 7344853 54
06525 864 5543524 64 44 675465 84
445556 54556 435395
6232 6 5253 425 75744
45452 53 456 86 4556
6 5 654
6753 5553 445 448
55 51346 3 565
5 75456 567 745
4654 454 56553
445535 4 3458464 3 52264 466 5
546423 5154446 3546404
4 75 44556 574544 624
445 44544 64645 7885
54555 4 5665 73 6434
536 4374353 4556 4
4 3754 4534
5 4345444 2
546 4546 5 4 4 5544
3447 44 53554 745 45464
45544 6424441
5352453 76445 54
4464 3544 64637 54634
5 544 504445
6864 93545 4453554 055 4
455 4453455 12 452 4 276
3755 67 354 526
457 43773 643 344546
5345645 3 4535545 4558544
479 545445 0445 65545
4 4 555
665 544735
4 3544 5562474 35545 4
413 85
85 5454544 5 47423 68 3555
75 6 577455 46 435454
44545 5654555 4 455
24536 34 45
6555554 455535 583545
465434 5454333 6525
6432345 451 65645 55446
554 44479 5 45459 6
62 355 5556335 351 45
4547 4 55
5554 445457
454554 35644 45 5557754 64445
244555 5 55545 434555 9 5
4554 4354 54 745454 5 644633
463 55544 254
545 442
565 54555
563 54455 64
54 5455
55445 674
5355453 3 554564
534554 4254 45325
44 5445546 524
464654 5 3545
55 2 4 36456
4 6 25555 55554
526 4545354
44 45 54555 55
554454 43 5555 5 6445455
5454 44 57 24 64555
245 54554 3
64 6 5 544
5644523 0454554 44566
444 55375 46 55754 6 4
5 453554
574 555 5 3454555
355836 5442354 3556
5 6456 46247 4444623 5
654444 5
42554 545244 446
442304 36673 454444 506
35655 354
5532 644 355734 655556
403 72 5157 2626735
9594
353345 43565 966
36 333 6544
53 745
595644 4 5325547 6645327
3466 84554
6644 353556
64534 6352 4 6634645
445545 4535450 55454 554
45655 5344
5 545 33 65 5356856
5445572 44645
45495 6 354 46656 14
5 565535 4367 45 45263
53 4 3443 55445 55
5445 655 34542 24544 5655
576 5454545
5566545 445 46
45442 455356 36 45453
3554 444435 543
4 074 556533 5 5256
5353 4542 66 5 54 36345
54 5553552 59445 6355554
55345 5555454
454455 5570 4
4 455444
4456345 436 5544 555444 142
5352324 75 455552
454366 4553355 4355454 5
4 546355
555 46944 5344 4442546
604445 645534 2 44556 4364
5254 4245364 4444 7 5440 54
5452935 5663552 45575 5395324 5
34234 52579 4553
447 574575 24
2433 3454756
46355 5 653 35 42
2 525 4 45 55
34044
44555 44653
4445 4
646943 7854564
95358 153 554764
55566 5
255745 543
4535645 4233534 064355
57 44584 335555
17 16442 434
46 7 2563 5 35446 433
45 404646
2 4 4355655 2534657
3 6 3344545 645 54324
63505 4464
4655 446562 5853530
53656 447233 454378
45 3
844864 55471 0365
7 5047 364
8533035 4549656 4 335645
2 4 534 50 4363 656
578374 8 525
845 7656 446 3
6 6545
6444 44659 76 554717
65 54 35554 249464 5
4347 33 56444
5 52 53574
5556 45 476555
42455 57 554336 45
76465 55325 4
355474 576
454759 49454 59 245435
336555 5354463
44 5 365556 584677
55553 653 3 115455
036555 2453 4858 4554
1 41344 46354 6 4745363
47303 4423
544 4 244845
442 04
54 443
4225 54693 53952 505
46228 42637
3411544 574
2 47 6546455 556553
55366 45435 946 4
5365 3565 54
44 7454 444242 3353 5 235
3 5 4 737534
4549484 4 46345 54
35437 4 456 4
15 7445 22364
35543 6 536 6427455 764
542255
546465 5 32 5555555
44 54554
5 455
45 558 37 2256
57 64846 67 360345
445 3636 58 44 74457
3623 7 1534174 354
3 01466 4529243 7844
56355 4228
4435664 334 6664455
55 4 453429 55443
6445733 3876937 4247274
36 545 604444 8374
6 5 44445 04 544 544424
663532 74453
5344 21454 6684720
9767443
361 67 47333 54
5579837 55855
4 38954 4535 546
5456552
63344 46255 3427
5 45417
54 552
74654 0534 462545 456544
55398 4666
5351654 78 4 654460
4446764
32 55 66 454 2
5 3657 463 45 6 5522 74443
5456 248546 56897
457 42155 356124 5 586
34547 534 46645 3
47452 653 2745545
5545554 503545 6 4
546344 3 564446 43
5 554644 4506454
6 36 8375556 72554
551 79 444 7615
6555 42555 65624 4446354
4 55454 54
3644 5560235 654 4 45 465
4 647
765 543 455564
4263 534440 5455
35458
45553 3643 4647044 5463
5 635
5 5 4552
5354 513 415549 444 4254 85
454 545 4 544 03
4744553 53554 3403554
57 4 445548 04544
444525 56 425455
53545 4532 0516 35 4554855
55474 545564 51 8
422546 64
355 441 8 6454533
546464 5426 455315 4 453 57664
4 13454 41444 544
4744545 544264 43545 3 35738
55 556778 2175 552 676932
64 4699
4 234555
354 5523344
43630 564356 4
563 4694 86175 5469587 5
94 4526
2 5555 4604 645 6545964 564
3448445 5424 173335 6455369
63553 445365 63
653525 56 64 5449445 45596
2444 603554 5545 05354
4635362 554635 4545445
254 66 54 5343755 45
5 46485 3455456 44
4445 3034543
335 566 664553
5 5 8 72484 86654 534
5444558 347 4435365 443
546553 54434 636425 485644
953 53 392465
25556 43335 65253 5566
74 754 443 64
555 64433 6946
2355045 4546346 5
5465355 2654 344454 94 5556856
3546 34546 5444145 5664445
4 4644 55 2555746 6545442 4
36 163444 6 583
954544 54 454 9
541 4465365
7639545 5 7 32354
434 3 45455 8
81695 555554
444635 4551 744656 2
324 32565 686
5444 54547 6615254 523364
464753 5 5653254 552254
657 405354
632 4555 7
43643 6633 543 4
54 7 4553466
8455545 55344 2455536
534563 55354 5 634558 5
21 35 4064615 65547 4
654 468565
36 5755554 4267
55357 324
4458444 6856
36645 5444543
454 554 529 4546 444445
245 5574 445495 46547
6455 0 644
474 4443 5544
945 54444 5503 2454745
7655 4
64245 557 76 4 54695 45474 58
5744454 2445755 556 44345 67265
42 595 546
4464 555555
4 64 430474 57464 4553455 4
5536557 455
415555 3454420
450 63565
764 632543
5554555 8844
2454546 3 55536 45553
456443 38634
4654244 2131 54
5 55 41555
45 454244 4459544
4 6455 4 5 732 652
4545 5465 4 3
34 5 442644
545 69 345566 54 54
452 9 5545445
44544 745 4544 364542
744454 1 74 5456 46555
544 3145453 542 56 5655
3 4733345 54 3
5531255 54 53455
364644 59 5 44541 4636455 5412
575356 744145 33 0544452
4456353 544 43546 555546 35445
455350 5 54 615655 6555 53
3 44455 5 055
056 534 6545 456224
1 4 45 44 54 5846
253 543894 252342
6 62314 45 653 84506
4535553 2
56455 566557 04 5
5545 4 7356459 5
8 54 34255 45436 4444
545 6845 5
4554 5554556 454 6450
465 2875 44 5 4 44
5 44554 6454674 455 9 5
05 35 5 35545
4 5544114 354755
544244 5 55 55655
4664 5355573 1
555 545360
515545 4 57 4 5 454 6425
46 42 58 5445 555333 55534 55615
4471435 444555
5474335 68
555754 53 2 664
7744 544444 4581 6545
455 54 46555
5434 5 5 45 4465355
464554 5
555546 74444 454 6444
55 44 35 4455445
4057635 43 3354664 4541
08 5 5434355 5 446645 492
6565 4 82 54
4555566
554 4838544 3375
3547356 4323554 4
544 3 5452 5 655426
6547755 465546 4463
545 5964564
3445 455554 531 4654455 4354667
545 558835
9 64 4645344 4555 36 4
543684 553 53544
54544 455495 5 456564 54
355 553445 4 4 55 55 54
453 2
555774 4 6669
235473 7 55449
1 8355265 6550 8544547 6
566 3546 3341 35540
7 25 53 56 645552
545655 5 42764 44 55
7355
6935 557355
5 595443 625255 8356 3
6544372 5 55422 643
225145 5464 634 09
86555 55 412
55364 3456444
467445 453 4456 7443753
46204 546245
55404 343546
4604 6 7
4614 1453 38
542743 6 55 3645 31522 5
4423450 43550 552
6546336 4446 355456 5354
7045419
634 345 434557 65564 754
6635764 65 466 354 354785
52547 57 4469 46 648 3 235
45 1 34
54446 5 5666465 334855
354356 54874 55 4645448
5 4 6 157566 36554
43444 45324 555147 2 656 55643
5445266 354845 455776
48 3586546 45456
426 41356 956444
534 534456
3555557 4573
5 34 4 4025 45065 258 64554
49 24545 3344555
5643539 553 64
26525 342 5 75 7444
643546 2 344565
65654 44166 5 445 5555
54 55 74
4543445 55134
356 544 5575 335 5 75
5 553
4565535 35644 64 7665
4584643
6 4466 5544 54364 372554
5464045 436 5
5745 4462 4544734 5454
4544 544 646457 8 854
4 555 456
7452442 5545522 7554655 3643
45511 3 5437544
46 53 5 45434
546 544 554 4455352 545 444
4 5 3554 7454546
545 533455
34 4 49 2 7453524 53
46 4 354464 6 37546
4456746 55 545
4535 5405 5 4 4 0
551245 2427
4633554 51 7445473
5424445 554456 37
4 33 4454 6263 4454
3 554545 5 8 54
545 44504 4565545 555 254573
5466554 4735454 354455 6
543 653556 6
46 54855
54742 36835
6543 45445 17565
4555444 455655 5464344
5544554 45 5
54444 7524
4 4543464 544135 556555
545 3 2555 55536 465
323454 516
54464 8 33 5645544 447
445 4456235
5351454 56 42
454 745534 75
744 5445554 5455435 644455
4452445 55 555545
55445 59 744455 734554 435
46336 4454 424554
463555 442 5
56 5545553
455645 54 64 054 45 655
445 67 4 4 545535 5453
2 54 4532 5555
55465 24555 345343
6 545 3545 4554 5552436
25 555555
64 55445 55444 51 4555526 45
4455 4 555554 4434445 544544
4544543 54 4245 34 5 545444
545 55 4 4344542 455455
45 144555
45 455444 56 6
5445244 4 4
6557546 4324255
55453 3255454 35654 535541
55545 45152 5
3445 4347 4355836
3 55 6 3565355 6414 34564 5646
44 72644 4 33
44 5 3344
631 54504 866344 2 30436
776272 74 563
54746 4 5502553 26443
654 4454344 0 37
2626 73 553
5664 476
456 4462 3
5435 6
385 63633 3654476
4 043537 455
5956 4445325 54
435544 622 43466 8
556 764534
35 2466346 45 58 5644
5055 454 5543 3365 44
5545336 55 356856
445 572 4464524
6 5614 2554 33 5 44
5565554 44
55445 34 3 443 554455
4554 77 4544354
4224 5445 65545
457654 54 5
6 33 564544 24 55
5564 21 4 5456355 44
7 4556 5 3
6 546554 055632
5426 655436 34547
3555555 514 54 5553
5455344 5575 6465455 455345
445555 7044544 553 4453564 455444
4 365 54
4441 4 2545
36 535 23247 5455552 6 5
554 355454 53 5344
5 55 43 54 54635 5554
44442 5 46547 365
342 445564 3 64425 55
45 36444 447544
54 3455 34531 54529
5539532 454 7647
42345 25794 553
355 44757 4575244 5375524 3
355 565 335 425
525 4455 565454
345 364 34 0 4435462
75444 4545
455 3646
785 456475 14569
35547 6442546 4555
3545 425574
356 45 42335 34 06435 55553
5396833 171 644243 46
72 563535 446
4324 4 36384
540464 645 6355 244355 6552
32454 24 53633
324 542
55565 5530452 6563
7444655 4
35 3042053 65 6 4472 334
35 370 4784 486
375047 3644555 5558533
54 9 6564335
2425 4536624 5345043
3583745 8475673
4 6 5783748 52
457656 4 4 6 355456
45 581
55471 7345454 445
65 54
4946452 535448 343
34 34733 5644 4 331
455 56454 7655 566
464 4245
4 3364546 4746
5547 6465
6735 535 54745 76 564
245435 5754
5074433 65
446314 45
6773351 65 4 4223545 01355
545 5 445 534843
554 0245
443 314
647453 634
545 5
23843
845 54549 846442 045
4 597264 2255 469353
5 54 361775 5462
4 115445 7433572 476546
52 585 5
644444 547 53653
4 7447 45 444424 233535
362765 35520 354737 5
5625 4549484 44
5 55 4444235 4 37
4367415 744 522
65366
76 4054 4335925
42 2 5 54
655 3255 5555 54
454 554653
455 454 24352
64144 45443
357 648 466736
6404 6343 9 754453 6365 8447445
543102 362371 534 17435
01 4664529 2 4 3
56 3 55422 8555505 4435
5503555 5445 34 2955443
669 6445 7 33
140 544679
4 583654 5
837465 65 956474 52
45 4442493 685 5567
666663 53 274453
5344214 54 66 84720
36 3 7
354343 656 235
37558 5 5540 632863 31
5445498 54
5563344 462 553427 556 75
5 9548423 54 5525
7465405 3
625 4545654 44
254553 6745553
466 653625 6 615 535 16
4221464 7 454
67 6471 43 255 664
6454350 35536
2744 4354 8 564
248 5 46 5689 743
57421 5535 612455
730345 475 344 6645342 7744
532 745545 673613
54555 450354 5645543 726541
446436 44654 84345
64 44
7 434636 83 75556
6343 554551 79 444
32953 346655 542555 6562 44446
4 5434944 654 444 3644556
6344 536444 477
6554 34555 6452 5 4468555
53454 65553
336 43 464 70445 4632555
6554552 4454
55455 354513 41554 94 44 4254853
33 6454 545 45
4 9545444 4544744
5455 6465744 45548
5255 6425455 50455 452 53545
8 554 43954 54354 454
54 4 26444
546 6 45 45635 5441864
2645531 5445357 664 423 546
1345 44144 454443 2538
5544 2 6 4 4354
04553 5564 255556
5267 6932 515442 4 63455
3264354 23 4
6555435 455233
44 5254 5 43
66 244552
948617 554695 87
17944 52654 35 25 5554 6046
6545 6354 51
44 844554 2417
3694452 2
3763 55
563 4 444 6 535
43 55 34 62 4 44
55 4446 353 62554 63
6545343 7554 5
43 654648
4 55 4
546
3 45436 16
74453 3 5566664 55
754 45 58724
654 5345 9556 58454 64
635 75 433555
7 5465535 443 463 64
5354 55953 5339246
4531 35540 52 55564 33356 525
7475 444364
61 6645
4 4455 5 5235
346545 5495465
654 34445 4 945556 8564565
454654 44 1 4556 6444
455444 644 55255
5442
49475 75348 56
6 34446 5834444 5553
54 9 6 5747514 36494 54
276395 4557 32
53 566 7555 424443
558555 5456
544734 45816 9 555555 4
62625 35415
3256 5 6 86564 43654 458454 44
64517 45 48
75355 653
2545 7345333
456 5740 53545 632 45
64 366
3755665 6547455
666 46 455684 5 5545553
635 53545 63455 8555654
40 64615 6554747
5656 4
468 5655257 55535
5544267
4 455355
46445 8444685
6455444 5 43444 4645 455
43641 34402 455574 4
475 58 036 455 0 6
554 9455 44
474 55343
6845457 6
45557 764546
454745 8434356 456 2
4244575 55
34567 265453
67 0 54 442595 5466
5 5 5557 464430
3555 572555 41
74554 42415 555
454564
3565463 764632 5434555
944554 24545
53 6455 5355 5432594
4 546 5424421 315432
4455 54155 5575546 427454
445 0 53546 455 4 5732 652 3
52544
654 374645
955464 534544 264 475 6646452 54
4 4654 5 45554 435 5445
4545443
25655 5545545
44 541745 45 6 465555
5537 454 431
5685644 43634 4 5 46
533544 44 4 4553 125554
46 4 4
5541269 44 5
4522457 53 5674414 5
64 4 4 563535 4443546
53505 546 156 55 65555
6354534 44555
4331 4635 2774 50 565346
855 54514 4544545
10543 265 35495 554452 535
535 6623
5 069554 4452
53 2154564 5556 655
38 5 4585 54 5 4735645
85434 25545 436444 4 7449
684 55466 5545 33 35455 455
4454 54354 545465
45 5 557 5 44544 3454675
55 5 646445 0535535 545
4525394 554411 4354755
44 24455 55565
56065 456 4 6 6453555 731545
453605 54 4 5155
35664 666 36434 746 4258
45561 54 54545 5
45554 6544 54 7433 568355
55445 5433554 774 4544
165454 43 6254424 4545554
3455454 4653554 4245
555 55754 4 5446 45545
4454444 56555 4 4
40 5 7635433 354664
2 45 350855 4343555 4466454
3 46335
2 54 552324 436666 455556
44 33754
36 44353 3
467 3566 4 4654
42674 5544
554354 5
5 4775 54655 46 4
5455964 56444 456204 55 344545
5435 466764 586464
8354836
44 645 3444 5553 64
43 684 55
544 455 495 54
5 42255 5 3555 53
764453 22444 55 555577
544 9 3 655
0854454 768 4445545 643 645
4135540 7 62 467554 52263 5
55 24 55 46565 455544
4 445554 5
3354 6673
6455446 93 55573 55554
362525 5835635 56 55
437255 542 2 6432 476464
40 93 355458
741 8655555
2 3546555 336 74644 55 3
4 545344
7 53 4545 58354 2755
554043
44604 6
461414 53
4454 5 717456
74 3 655364
65265 63 547442 3
5463364 4463554 56535
35 455565
5419 9833 063
7655647 543547 54 73513
5435 47 852451 72
7574469 466483
843 456 565545 2154 4245 1344
4465566 646533
8555 9354
543565 4874 5 5464
454597 2546 1575663 6
30464 9445442 2
44 532
2656 55 64363 2444584
454 5 5776548 0764483 5865
356956 44488 255 23575 34534
745734 48
5 53444
506525 8645543
246 44467 546
4533445 5 5 65
55 3645706 346 232 65
5064545 2534 5686455 6643546
5444 166 54455 5556 75
544545 43445 5513463
75335 5 75 45656
537 3346 544
535644
544553 543458 46 4352264
5 4585 4 642 3515
544754 45 565745 446
63644 45 44544 646
45364 4554555 4566 57
452 44255 4552275 54
545 05 4551
75 546535 4543454
454654 45 5444553 525454
3447445 35 547454 546434
345 5446
145 3 4449
35245
55456
7644643 544646 37546
45555 54450 4
65 5 545
45355 405 5440
075 2954 5
452427 6565463
545 17 4454737 5
55424 445554 4563 7
344 54626 344549 55345
45 3 453 554545
5 044 565 54555 5254
4546 655 4 47354
54 5 4422444 5436 535
855 45454 454742 368355
5657745 5464354 54555
555 46 43 44545 565
4447 5 2
41 35 556555
58 35453 25 55
4543336 52545 54
5544648 3356455 44 447954
5445 445623 555556 335
445 5664 547
44454 57445
455 545 455
57 754644 45 46455 5445 2 4455
54 55 44559
7345 5443 5454745 454 5
5 448355 4635554 425 4 4354
5 655 4 555345
5 464 0544565 545
55 32455 5475 544567 44
53 3 54 555345 544 254
554652 4555 3453
6 465453 545
645 63555 656 46
54464 5 5 4455544 451455
5444445 54 555 55
35555 5 6445 45545
5454445 7246 45
554434 4542455 4554344 4364 4
5556 44523 0454554 4 4
4 452 44444
54 655754 643 2425
5 45435
1645555 7455
545 4515 25
58 36 54423 54
434 564564 62 4
445 6544
443375 5 4 654 44453 3
463 154 5048
667 34544 445
6652 776 272745 635655
455025 532644 35
6 555565 1654 4
5726 26735 53 6451 33
62353 3 454
33 365447 64554 7 404
44453 25547 664 5
2434668 45541 66
35246 634645 585 6443 44554 54
3365444 5 65553
545 3365535 6856 545
4454956 35
5614255 4335 443 52
436 74545 263556 55544 4 63
5565 4444445 446455
4 5443544
542245 44565 545634 4455544
655665 454454
33564 54424 55
4534 45
421454 56355
4435543 453 4074556
56324 45 3534542
6345474 54 66
5514 5455 5355259
55 545534 455
545545 534 55555
5555 704 45445
4450444 4 5 634 543655
4514 6363 65352 324754 55552
543664 55335 5435 5454 5353
35555 455 5 469
3 556 0444
5564 3644
561554 455254 424
644 4 4475440 545553
293556 6355 2
9532454 76474
53 4234 5257945
35 54475 745 752 4
3 3345475 6485 544635
354546 7
2 5254455 5
54537 654 5345 3 64
624455 5 446535
4444545 635645
5456 4751 4569535 81535 5 47
1335454 2 5 5745543
454233 534
5555 5347857 4 4584335 55
24446 4545467 2563535 4464335
44 4554 5 444 83454
5346 575545 60324
4564 55 432
045265 63505 4 4648 374 4465
4205365 6447233
78 54 244555 05246 4533537 0
547103 65667 493
644555 55585
0354 5496 5 6433 56
662 4
363656 4 3583 745 847567
554467 3544
56 4463554
325524 3 5646 65 45581
6597 65 54 717345 45444
543555 4 2494645 253544 834356
356444 331454 46545
5445 44 555645
673235 4
44245 557
3645 4
451255 4 7646
2 54 5567 3
46624 74445 4759 49454
5074 43 36555 5354463
4677335 16544
501355 553653
3484 3556 03655 5245 348
413 4446 354 6 474
7303442 3843544 4244 8 455
4 540 5 5544 4354
5 05646 855
4622842 6374 5 33 545341 154 4574335
55556 5534 4
664543 594 6
3565 54545
474 474544 4
54 4 344633
5 5 20 354 7375 3454645
45543 2145555 4444 2354
44 5436741 5744522
4365366
55 76405 4433592 514453 355
724 54646 553 2 5
455465 343 54
2474 455
2256414 445 4432 357648 4
3439 75 4453 636584
8362745 5431023
53 417 43
9555 4495 55301 4 6645
1545 547343 057362 5635542
3 5664334
5 503555 54 45 342
9644573 3387693 742472
6 79545 836545 6 0444
745272
045445 44 4249368
4 52 3166666 353274
45 3 4421 4546
674436 37 36
3543436 56 23 541375
837 55 85554 0632 8 6331
5498545 6552
5563 344 46 2553427
5 4454 54172 5359
7465405 344625 45456
2 54 5536745 5539846
553 51 654
4 6044 22146
3 444467 64 71 432 55 66 45
355 36574 6 3 456
4 4242 45 545624 85
574215 53 561
7303454 7534 4664534 27744 6
2745545 673613 53 5554555 4503
726 541454 5 54 6
644 65 484345 32555 5546
63 6 8375556
858634 3 5545 5179 4447 61
6 55 5 4255565
460 345455 45454 349 44
444 54 65445 4663 445
4345 5564 525 4
4 05 455 345 4 655535 4
546325 5 50465 4
554552 4 45 455554 55
485 335744 554445 5336454 54
5 55 645475
4474455 35355 4340355
64657 4445 54804 54
42545 5 504554
354 55485 544395 45
451844 03 4544
4225466 454563
41 864 545335
464 6454264 55315 4453
558 4134544 144454
5 45 54426 44
8545 40 04553
5677 8217 55526
4424 63455 5521246 44 6992
5554354 55
3344 45254 543 6305
4455 25634 69 4
53752 5568
6455 179 445265
5 54604
545964 5
545635 45169 344 844 5542
4 5 2225537 635 53 4 45365
45 4494454 5 5
53 462 4446035
434554 446 3536255 4635 4545
3437 5 5456
55764 3 6546 485
4540 3554
5303454 361634
7445 3355666 6455
4754 4558724 8 4866
845464 75
83 4 7443536 5443
5 44 29455
46 3 642548
3545 595
3545313 55 40525
525 3556 6 4543464 7475
616 64 5556443
5552 3550
546 34 65
5 355
4454945 556856
5654655 4
54 654 4 41455 6 644 455955 45
574665 4544
47 55744 9 4757
83 4444 555327 44434 5
475143 64 94 54541
5445 3302 763954
3 546 65
42 444 3434545 5855554
5554454 4444463 54 55174 4
65 686564 43654 45
444545 4766
2 54 523 36451 7454
55 65325 4552
2545 65740 5
427515 5 523
543435 53 755
3466646 4556 84 55
3635653 0 55
3545634 5 585556
0 4 5532 1354064
6545
4 7443 654468
355365 75 55 5
9744 5
324 4 54644 5844 468565 4
344446 454 55 4
445534 364 134 402
4654755 54335 4
0 644 85455 5753
4435544 42355 494 5544445
343355 5
543 5335464 24555 7764 5
4356 456
74445 424 45 7555
7265453 255 670544
2062654 4464
557 464430 4745746
49 35555 725 55413 554 553 65
4544 2045456 445 0 63565
555884 4 4 4
54 5463 5 5 536
344 5465 42442 1
541555 57554 6427454
444450 5354645
652 383 6464
324 052 5445455
5547 54463 955464
447566 46
5456934 5566545
4555 443554 4 545 295
5454436
2425 655554 554535
4 17 4 5456 4 6555 55454
3542565 6556856
43 63445 4655
3 4553354 44444 5 531255
664556 3646 44 5
6944552 53 34 5224
52455 4294 5645776
6 35354 4435
44 50542 26455 35 0 554615
545 2635453 4445550 55 4
534654 5456 2 2454424
54 454 584610 543265 354955
4389425 2 342 659
4565 384506
52752 9 5445 355
56 655 70455 50
4585545 473564 595454 35645
434255 45436 4444
53643 6344 42545
5455455 54556 454645 02 3
465287 54454 444
75445 4434
445546 4546 74 455
53 5535
75 545452 5394554 411435 47554
42445 555565
6545 6466453 555 73154
653555 54 5360
51554 54574 545464 25
34746 4
555533 3 55 53 45
4455546 54 45 474335 683
66 445
5445 5433 5 54774
62544 2445 45 554 4655
45434 5 545 4465355
55 5557 54454 46
5445 5554674
64445 4444 5655544
454 4564